% Coarse Scan of LAPD Lens, Peter's July 2019 Experiment
% Author: Scott Feister
%
% Sequence file created 2019-07-23 14:55
% Steps: 101, Reps/step: 1.
RESOURCE ID=145	
CHANNEL ID=0	
UNIT=MM	
###
260.0	
264.0	
268.0	
272.0	
276.0	
280.0	
284.0	
288.0	
292.0	
296.0	
300.0	
304.0	
308.0	
312.0	
316.0	
320.0	
324.0	
328.0	
332.0	
336.0	
340.0	
344.0	
348.0	
352.0	
356.0	
360.0	
364.0	
368.0	
372.0	
376.0	
380.0	
384.0	
388.0	
392.0	
396.0	
400.0	
404.0	
408.0	
412.0	
416.0	
420.0	
424.0	
428.0	
432.0	
436.0	
440.0	
444.0	
448.0	
452.0	
456.0	
460.0	
464.0	
468.0	
472.0	
476.0	
480.0	
484.0	
488.0	
492.0	
496.0	
500.0	
504.0	
508.0	
512.0	
516.0	
520.0	
524.0	
528.0	
532.0	
536.0	
540.0	
544.0	
548.0	
552.0	
556.0	
560.0	
564.0	
568.0	
572.0	
576.0	
580.0	
584.0	
588.0	
592.0	
596.0	
600.0	
604.0	
608.0	
612.0	
616.0	
620.0	
624.0	
628.0	
632.0	
636.0	
640.0	
644.0	
648.0	
652.0	
656.0	
660.0	
